Symbol	logFC	unshrunk.logFC	logCPM	PValue	FDR
Arg1	10.00807245	10.17359831	6.574171727	5.64E-37	1.16E-32
Tnc	6.906046294	6.912264201	8.661264478	1.32E-31	1.36E-27
Serpinb1a	3.865198292	3.867476222	4.281614192	8.55E-31	5.88E-27
Timp1	6.098236827	6.109229546	5.813447336	1.52E-29	7.86E-26
Lox	4.692379568	4.698509403	7.021864638	1.37E-26	5.67E-23
Adam8	6.330807957	6.350055753	6.092552757	2.01E-26	6.90E-23
Col12a1	5.185922676	5.198331295	6.640519469	3.93E-20	1.16E-16
Hmox1	3.727789051	3.729226849	7.088028334	1.49E-19	3.84E-16
Cxcr6	4.384678711	4.396277855	1.98715623	2.58E-18	5.92E-15
Fn1	3.312370046	3.312546206	10.73373703	4.79E-18	9.89E-15
Cthrc1	6.786847617	6.950877168	4.515371231	1.35E-17	2.53E-14
Serpinb9b	5.639234196	5.706691096	1.055430961	2.04E-17	3.51E-14
Tubb3	6.689996444	6.74591883	2.416698327	3.06E-17	4.67E-14
Cd24a	4.243969987	4.262417072	4.04917356	3.17E-17	4.67E-14
Lgals3	5.638738155	5.645024076	6.799560987	6.98E-17	9.61E-14
Cd44	2.903271966	2.904420784	7.066181718	1.73E-16	2.23E-13
Slc16a3	3.498653538	3.500713469	5.600159213	5.92E-16	7.18E-13
Spp1	10.5548085	10.61019747	9.92557223	7.85E-16	9.00E-13
Ankrd2	3.87013599	3.87746745	0.286693227	9.11E-16	9.90E-13
Slpi	5.558529173	5.606472438	3.060781202	1.18E-15	1.21E-12
Cd5l	7.769551487	8.08276024	2.612772507	1.30E-15	1.28E-12
Saa3	9.651725501	9.81751546	5.114115273	3.96E-15	3.71E-12
Thbs1	4.15463226	4.15668195	9.294845343	4.62E-15	4.14E-12
Adam12	3.659607512	3.671081556	4.840299328	1.15E-14	9.87E-12
Adamts4	4.375000655	4.385698678	6.764056697	4.70E-14	3.88E-11
Star	2.81755014	2.82090624	2.174752333	6.08E-14	4.82E-11
Clec4d	6.569191684	6.732789582	4.489262365	1.51E-13	1.16E-10
Aldh1a2	3.71993864	3.725792198	6.675763281	2.00E-13	1.48E-10
Csf2rb	3.755719248	3.768141829	5.458576464	5.25E-13	3.73E-10
2200002D01Rik	2.811423664	2.817204526	1.347990306	1.25E-12	8.62E-10
S100a4	3.948645226	3.967777394	3.895868255	1.40E-12	9.33E-10
Galnt6	4.136223027	4.158189721	3.488875505	1.68E-12	1.08E-09
Dhrs9	8.614834122	144269485.4	3.00880665	3.26E-12	2.04E-09
Diap3	4.177351467	4.218268293	4.765217679	4.05E-12	2.46E-09
Ccnb2	3.757396146	3.778841648	4.794175216	4.19E-12	2.47E-09
Ccl2	4.308174994	4.3212438	6.227296738	5.46E-12	3.11E-09
Capg	2.843597228	2.844822371	6.213397634	5.58E-12	3.11E-09
F10	4.478809486	4.526043038	3.732907613	8.89E-12	4.83E-09
Plcxd2	3.626286604	3.652955559	1.549958683	9.58E-12	5.07E-09
Sprr1a	9.811047724	10.12260705	0.951137115	1.65E-11	8.53E-09
Basp1	3.826887663	3.842278878	4.891286684	2.47E-11	1.24E-08
Hal	4.452013728	4.46345584	4.658125487	2.53E-11	1.24E-08
Serpinb2	9.429522042	144269486.2	2.961436024	3.19E-11	1.53E-08
Cotl1	2.654263936	2.655174098	6.992426807	3.32E-11	1.56E-08
Cd68	3.212256743	3.214416733	6.072878095	3.59E-11	1.65E-08
Kif2c	4.267859192	4.314633717	4.03097081	4.40E-11	1.97E-08
Chil3	7.593103216	7.905107757	4.504980435	4.71E-11	2.07E-08
Cyp4f18	6.032867476	6.342696121	2.781582354	5.81E-11	2.45E-08
Serpina3n	4.659328443	4.660505666	5.707519606	5.90E-11	2.45E-08
Loxl4	2.902538914	2.908411473	3.726488869	5.93E-11	2.45E-08
Cd300lf	6.626610535	6.937712771	3.724701428	6.06E-11	2.45E-08
Ccna2	3.408699227	3.419243717	5.889799448	6.33E-11	2.51E-08
Pik3r5	3.324724725	3.334512175	4.705580192	7.26E-11	2.83E-08
Clec4e	6.45805958	6.768849423	5.258068846	7.42E-11	2.84E-08
Kcnn4	4.806661823	4.872705033	2.77810116	8.38E-11	3.14E-08
Cd300lb	3.612775995	3.633977815	3.82968682	1.43E-10	5.26E-08
Slfn4	6.524042295	6.835480138	4.769900056	1.48E-10	5.37E-08
Glipr2	2.665239302	2.669881938	6.086964213	1.55E-10	5.51E-08
Aurkb	3.630053757	3.652818579	4.11764387	1.60E-10	5.59E-08
Hpse	3.206297507	3.224623287	3.492204811	1.68E-10	5.76E-08
Plk1	3.865076013	3.905406599	3.057158342	2.34E-10	7.93E-08
Trem1	8.406537529	144269485.2	4.724099402	2.45E-10	8.16E-08
Tpx2	3.27510473	3.284108994	5.652963184	2.50E-10	8.18E-08
Nrip3	3.692009686	3.716754968	0.510279718	2.79E-10	9.00E-08
Mcemp1	7.798047625	144269484.5	2.612812604	2.97E-10	9.44E-08
Gpnmb	6.082937479	6.093866459	7.037160665	3.08E-10	9.62E-08
Uhrf1	2.999525346	3.007029735	5.176940963	3.12E-10	9.62E-08
Psat1	2.748948278	2.751662835	4.981921533	3.29E-10	9.98E-08
Eno2	2.897690755	2.900979458	3.528376394	3.47E-10	1.03E-07
Anln	3.446203358	3.456194674	5.92886834	3.51E-10	1.03E-07
F7	5.070513524	5.152930012	2.690959906	4.09E-10	1.19E-07
Dpep2	3.827890043	3.852472819	3.749000584	4.13E-10	1.19E-07
Lpxn	3.695876118	3.714529503	3.925896832	4.41E-10	1.25E-07
Sh2d5	4.69024421	4.756348178	1.659954438	4.60E-10	1.28E-07
Gpr35	3.85257173	3.892900278	3.891106239	4.64E-10	1.28E-07
Slc41a2	2.672007339	2.678053375	4.08220055	4.95E-10	1.34E-07
Atp1a3	4.386188083	4.451460767	2.58286021	5.46E-10	1.46E-07
Cnn1	3.482557665	3.49834681	1.886153784	5.70E-10	1.51E-07
Mmp12	5.464000102	5.500957735	4.529684376	7.13E-10	1.86E-07
Apobec1	3.377565373	3.38205024	6.030650701	7.74E-10	2.00E-07
Lrp8	4.135698154	4.17640269	1.606319919	9.88E-10	2.52E-07
Fhl1	2.568366006	2.568405356	7.857983853	1.02E-09	2.57E-07
Steap2	3.34730539	3.369755099	3.816035633	1.37E-09	3.41E-07
Prg4	3.670951713	3.688781582	3.157666703	1.58E-09	3.89E-07
Ikbke	3.283295694	3.305582536	4.424679617	1.73E-09	4.19E-07
Fgr	3.55926614	3.588154701	4.194641692	1.75E-09	4.19E-07
S100a6	2.670812166	2.671861138	6.726040441	1.79E-09	4.26E-07
Col5a2	2.772635402	2.772943152	9.868302209	1.88E-09	4.40E-07
Mcm10	3.913765732	3.967441174	3.715428113	2.05E-09	4.76E-07
Tubb2b	2.755476066	2.761578412	3.326876198	2.13E-09	4.89E-07
Hist1h2bm	3.487768339	3.508802187	3.73073668	2.35E-09	5.33E-07
Selp	4.419347507	4.484645419	3.997775797	2.69E-09	6.04E-07
Nmrk2	4.888161829	4.888354197	6.464947356	2.81E-09	6.24E-07
Myof	2.544533642	2.546037505	6.983921977	2.87E-09	6.31E-07
Col1a1	3.542229363	3.542391642	10.9209336	3.07E-09	6.67E-07
Alox15	5.468798658	5.630535624	2.09258633	3.18E-09	6.84E-07
Lcn2	4.819813631	4.820634155	5.315398571	3.91E-09	8.32E-07
Bcat1	3.447689962	3.465228319	4.083743237	5.66E-09	1.19E-06
Lhfpl2	2.442285435	2.444250325	6.646285944	5.83E-09	1.22E-06
Sirpb1c	7.416575953	144269484.2	2.16880334	6.33E-09	1.31E-06
Trem2	3.643771737	3.651987275	5.008786339	6.55E-09	1.34E-06
Soat1	2.352368649	2.353690465	7.082995111	8.30E-09	1.68E-06
Postn	3.233249643	3.233749766	10.84853675	8.43E-09	1.69E-06
Kntc1	3.588070377	3.61091745	5.05982798	8.60E-09	1.71E-06
Car13	3.348503448	3.377067418	3.256538854	9.03E-09	1.78E-06
Gpr176	4.314590123	4.395608737	2.3962504	1.07E-08	2.09E-06
Nuf2	4.380125793	4.461427299	4.088038335	1.09E-08	2.09E-06
Tnnt3	4.40925207	4.474592894	0.747195931	1.11E-08	2.12E-06
Col11a1	6.271625235	6.582036521	4.958551829	1.24E-08	2.35E-06
Hist1h1a	2.605273266	2.607556429	5.905002987	1.33E-08	2.50E-06
Chaf1b	3.140190324	3.16220606	3.762520127	1.53E-08	2.85E-06
Myo1g	2.967717621	2.976171914	5.09787922	1.60E-08	2.96E-06
Birc5	3.493479823	3.517946064	4.339802544	1.65E-08	3.02E-06
Melk	3.672044594	3.707560273	3.823978089	1.71E-08	3.08E-06
Cdk1	3.007992156	3.015715382	5.729870272	1.72E-08	3.08E-06
Hist1h3h	3.870343429	3.916330879	2.564468467	2.13E-08	3.78E-06
Cdc6	3.146017645	3.171745196	3.346999711	2.19E-08	3.86E-06
Lcp1	2.752648004	2.753559227	7.73691541	2.37E-08	4.14E-06
Il1rn	5.42342334	5.533436368	4.676466171	2.45E-08	4.25E-06
Egr2	3.83263153	3.872880398	5.193108945	2.80E-08	4.82E-06
Itgam	3.649038263	3.651820433	7.219387294	2.93E-08	5.00E-06
Emb	3.180653687	3.192585751	5.167224213	3.01E-08	5.05E-06
Ccl7	3.663132882	3.674867964	5.192892989	3.01E-08	5.05E-06
Exo1	4.541130371	4.700290161	3.09845513	3.05E-08	5.08E-06
Bub1	4.396605259	4.477819089	4.509244599	3.27E-08	5.39E-06
Mpeg1	3.346725012	3.348254828	8.008810715	3.31E-08	5.41E-06
Ltbp2	2.942637128	2.944538805	5.835300587	3.62E-08	5.80E-06
Espl1	2.541257073	2.550034002	4.542617658	3.62E-08	5.80E-06
Cpne2	2.15916393	2.162697179	3.698974123	3.63E-08	5.80E-06
Sh3bp2	2.084431955	2.086742348	4.831701468	4.03E-08	6.40E-06
Cenpi	3.676924795	3.730017158	3.834960513	4.29E-08	6.76E-06
Stbd1	2.474232727	2.480604928	2.150774336	4.64E-08	7.26E-06
Il33	2.649221123	2.656818106	4.367329816	4.87E-08	7.56E-06
Marco	5.307422828	5.416370998	3.834891731	5.21E-08	8.03E-06
Dmkn	5.024274977	5.185346411	1.781984128	5.59E-08	8.54E-06
Plek	3.065905213	3.068811471	7.545483073	5.82E-08	8.83E-06
Hist1h1b	2.965309441	2.967866995	6.01358	6.99E-08	1.05E-05
Abcc3	2.199038424	2.200803806	5.112531977	8.08E-08	1.21E-05
Ms4a6d	3.288854061	3.294057838	5.684864136	8.58E-08	1.27E-05
Ncf4	3.115529124	3.123736902	4.962890853	8.64E-08	1.27E-05
4930427A07Rik	3.076917059	3.104789849	2.898683816	9.05E-08	1.32E-05
Cd52	3.645300604	3.674334639	4.358662611	9.97E-08	1.45E-05
Fcer1g	2.847272099	2.851834876	5.427410548	1.07E-07	1.54E-05
Top2a	3.322597235	3.326267034	7.699154576	1.11E-07	1.57E-05
Col18a1	2.278241192	2.278795631	7.802311558	1.12E-07	1.58E-05
Hck	2.781056563	2.78938688	4.864701787	1.13E-07	1.58E-05
Alcam	2.688291521	2.695141748	5.092415201	1.14E-07	1.59E-05
St14	2.995319065	3.012360035	0.285298628	1.20E-07	1.67E-05
Upk1b	3.286510586	3.306162574	2.921549959	1.31E-07	1.80E-05
Glipr1	3.991470377	4.071597589	2.803528176	1.39E-07	1.90E-05
Cxcl5	5.298267165	5.459256712	3.029542255	1.40E-07	1.90E-05
Mybl2	3.612667193	3.675758054	2.753708867	1.42E-07	1.91E-05
Foxm1	2.547977663	2.557317055	4.340981293	1.51E-07	2.02E-05
Ticrr	4.311412615	4.46928268	2.657200749	1.59E-07	2.12E-05
Tsku	2.298173867	2.30203293	4.508651141	1.65E-07	2.18E-05
Mmp14	2.194740553	2.19560362	7.584685749	1.76E-07	2.31E-05
Efhd2	2.087271086	2.087691057	5.902372837	2.02E-07	2.63E-05
Mcm5	2.237547327	2.23905226	5.944315661	2.11E-07	2.74E-05
Rnd1	2.661885619	2.665092013	4.268612395	2.34E-07	3.02E-05
Pbk	3.737281154	3.800989496	3.811720282	2.44E-07	3.13E-05
Cemip	4.591516284	4.750580745	3.117880125	2.46E-07	3.14E-05
Havcr2	4.915264185	5.075634107	3.330875355	2.48E-07	3.14E-05
Sh3pxd2b	1.962414984	1.963744113	6.610912106	2.61E-07	3.29E-05
Il1b	4.386249234	4.422677018	6.51307343	2.63E-07	3.29E-05
Bin2	2.792692599	2.809291341	4.103568951	2.69E-07	3.32E-05
Runx1	2.556033209	2.561955163	5.158329491	2.69E-07	3.32E-05
Loxl3	2.29345423	2.295105099	5.567271217	2.82E-07	3.47E-05
Steap1	7.235564773	144269484	0.702560504	2.86E-07	3.50E-05
Cxcl2	4.179689262	4.244304478	6.889992604	2.95E-07	3.58E-05
Serpina3m	5.184142814	5.231594186	1.029792476	3.04E-07	3.67E-05
Rtn4	1.817240017	1.817286467	7.963515822	3.10E-07	3.70E-05
Prc1	2.895461887	2.902848953	6.061083519	3.10E-07	3.70E-05
Cd84	3.608863109	3.619454702	5.361387647	3.14E-07	3.70E-05
Msr1	3.727924412	3.731909227	6.768996623	3.15E-07	3.70E-05
Il7r	6.131799219	6.441294587	3.011119598	3.15E-07	3.70E-05
Iqgap3	2.977663928	2.985357022	5.460929586	3.19E-07	3.72E-05
Cdca5	3.519292793	3.571706944	2.800409321	3.25E-07	3.77E-05
Ncapg	3.633827128	3.673443814	4.603697787	3.58E-07	4.13E-05
Col8a1	2.70276858	2.703703291	7.623850637	3.64E-07	4.14E-05
AB124611	2.662742073	2.674017855	4.105649031	3.65E-07	4.14E-05
E2f1	2.872280743	2.890004322	3.875760564	3.65E-07	4.14E-05
Cd200r1	3.816842929	3.880718937	3.021452734	3.72E-07	4.20E-05
Hist1h2bk	3.009831675	3.025745421	3.569958076	3.80E-07	4.26E-05
Col1a2	2.699952942	2.700029919	11.5660251	3.95E-07	4.40E-05
Cdh3	3.417333103	3.456552334	2.411428604	4.00E-07	4.43E-05
Lcp2	2.485984611	2.493493645	4.747562938	4.36E-07	4.81E-05
Klf5	6.740411664	144269483.5	-0.276590811	4.49E-07	4.93E-05
Mms22l	2.351055799	2.359880939	4.310502338	4.62E-07	5.05E-05
Angpt4	3.137705339	3.158348958	0.433234266	4.79E-07	5.18E-05
Vav1	3.123716887	3.130915852	5.244799388	4.80E-07	5.18E-05
Lat2	3.027715437	3.044052115	3.126028654	5.05E-07	5.42E-05
Map1b	1.968659611	1.96900567	7.189805319	5.24E-07	5.60E-05
Ncam1	2.391923762	2.393245537	4.998866173	5.64E-07	6.00E-05
Socs3	2.492709153	2.493577186	7.8936121	5.91E-07	6.25E-05
Lilrb4a	3.496070978	3.503177599	6.361358543	5.94E-07	6.25E-05
Apobr	2.977165994	3.000626942	3.748792416	6.20E-07	6.46E-05
Col3a1	2.594166392	2.594204368	13.09731943	6.30E-07	6.54E-05
Stra6l	7.517076132	144269484.3	1.056960133	6.39E-07	6.59E-05
Ccl6	3.402516429	3.404192388	7.033949973	6.60E-07	6.77E-05
Hist1h3b	2.709833063	2.718119334	4.362876759	6.71E-07	6.85E-05
Ch25h	3.427025019	3.458557988	3.103047511	6.76E-07	6.87E-05
Dtl	3.286941787	3.321533745	4.637059941	6.79E-07	6.87E-05
Atp8b4	3.459437091	3.483895358	4.308651983	6.96E-07	7.01E-05
Csf2rb2	2.968234512	2.993558853	3.701034438	7.11E-07	7.13E-05
Hist1h2ak	4.180849936	4.287420255	1.985329	7.16E-07	7.14E-05
Nek2	3.409825379	3.444783155	4.020091103	7.20E-07	7.14E-05
Cd14	2.646242555	2.648050414	7.046612423	7.63E-07	7.54E-05
F5	3.502682216	3.565228744	2.650795662	7.81E-07	7.67E-05
Ms4a4c	7.302910113	144269484	2.391348395	7.86E-07	7.69E-05
Olfm1	2.110322092	2.115501454	3.569118627	8.56E-07	8.34E-05
Pak3	3.020399781	3.029889165	1.909456579	8.84E-07	8.57E-05
Akr1b8	2.328813887	2.332124129	3.899235385	9.01E-07	8.69E-05
Cdc20	2.509261307	2.517001201	4.541226516	9.48E-07	9.10E-05
Tbxas1	2.22697747	2.230340031	4.984474511	9.62E-07	9.19E-05
Hp	3.904909382	3.912775144	4.936962513	9.72E-07	9.24E-05
Fpr1	7.080966594	144269483.8	3.025619607	9.98E-07	9.45E-05
Ptpn7	2.80963722	2.825394152	3.600014151	1.01E-06	9.51E-05
Snx20	2.710511143	2.733282589	2.788535969	1.08E-06	0.00010145
Fxyd5	2.088126407	2.089017861	6.181913237	1.12E-06	0.000104587
Vcan	2.268725332	2.269448357	8.937831741	1.23E-06	0.000113914
Stil	3.287700286	3.33216429	4.005185193	1.25E-06	0.00011546
Pif1	4.212617928	4.369936838	2.689623351	1.26E-06	0.000116477
AA467197	6.884012315	144269483.6	-0.077714757	1.31E-06	0.000119769
Ctgf	2.228993666	2.229049319	7.4324535	1.36E-06	0.000123507
Mefv	5.02344323	5.329089969	3.081042008	1.36E-06	0.000123507
Ly9	3.67785753	3.713200895	3.240962157	1.36E-06	0.000123507
Brca1	2.888279709	2.906097229	4.621224658	1.42E-06	0.00012835
Hist1h2ab	4.266560679	4.423972447	1.833147327	1.44E-06	0.000129047
Ccnf	2.489302887	2.50128032	3.440638079	1.49E-06	0.000133557
Slfn1	4.863958593	5.168468383	2.220429332	1.53E-06	0.000135889
Dok1	2.105843879	2.110245966	4.023669118	1.53E-06	0.000135889
Ccnb1	3.322711576	3.374538339	3.270221562	1.58E-06	0.000138993
Krt8	3.453644721	3.484966296	1.237081269	1.58E-06	0.000138993
Vim	1.880185504	1.880232356	10.67569463	1.72E-06	0.000150081
Hk3	3.037890932	3.04384061	4.762178932	1.85E-06	0.000160569
Loxl2	2.279947124	2.281000692	7.687814448	1.86E-06	0.000160569
Dio3	5.013015986	5.318424045	0.255273835	1.86E-06	0.000160569
Racgap1	2.455398891	2.460910253	5.420434679	2.18E-06	0.0001876
Mmp8	5.652067725	5.960143289	3.666331916	2.20E-06	0.000188322
Cyth4	2.177722271	2.179043725	6.452180874	2.29E-06	0.000195479
Gtse1	2.82064309	2.843667053	2.916721811	2.37E-06	0.000201469
Slc11a1	2.735112028	2.739314933	5.357549259	2.42E-06	0.000204397
Parvg	2.354425328	2.360689304	4.134232385	2.46E-06	0.000206138
Dpysl3	1.699577974	1.699711519	8.20571902	2.46E-06	0.000206138
P2ry6	2.152003582	2.155208001	4.705224319	2.52E-06	0.000210684
Rab32	2.204259262	2.21052392	4.162606351	2.53E-06	0.000210788
Clec2g	4.864094028	5.168846454	0.715903169	2.56E-06	0.000212395
Cd180	3.336905531	3.375902229	2.855470267	2.64E-06	0.000218098
Ncaph	2.25102447	2.258131724	4.829481017	2.90E-06	0.000237246
Anxa2	1.90645963	1.906556685	8.669359552	2.94E-06	0.000239299
Itgb2	2.803414576	2.804968097	6.568895161	2.95E-06	0.000239299
Il1rl2	2.297309547	2.309459131	4.52874117	2.96E-06	0.000239507
Ms4a8a	3.733683148	3.812562568	1.703699734	3.01E-06	0.000242785
Hist1h2bh	2.693929561	2.706067055	3.30817888	3.09E-06	0.000248525
Cenph	6.491765435	144269483.2	1.832219203	3.20E-06	0.000256237
Tnfrsf13b	3.274965264	3.336724185	3.024182341	3.24E-06	0.000258218
Dock2	2.785447831	2.789276997	6.423459935	3.39E-06	0.000268711
Ccl9	3.113921808	3.115979873	6.656573739	3.47E-06	0.000273976
Irg1	4.674097511	4.833345732	3.20847433	3.51E-06	0.000276335
Spi1	2.740460445	2.74614875	4.913781118	3.55E-06	0.000278943
Prss23	2.038053466	2.039714531	4.329561626	3.62E-06	0.000283183
Slc6a19	6.58714281	144269483.3	-2.242664876	3.66E-06	0.000284051
Gadd45g	2.194978156	2.195656144	4.988948017	3.66E-06	0.000284051
Selplg	2.497226406	2.502253439	4.653927359	3.87E-06	0.000299346
Rac2	2.543091715	2.547882273	5.50067049	4.10E-06	0.00031535
Mthfd1l	2.316682968	2.323207191	4.254239055	4.28E-06	0.000328331
Muc15	4.054658081	4.119519081	-0.908385427	4.43E-06	0.000338434
Ccl3	4.517557879	4.676205373	4.458782828	4.50E-06	0.000342991
Anxa8	3.281463159	3.320165565	1.831571863	4.54E-06	0.000344251
Rab15	2.690280192	2.709878272	2.572501701	4.61E-06	0.000348309
Runx2	3.470439182	3.548268803	2.10923007	4.76E-06	0.000358536
Sgms2	2.462072436	2.4763864	4.281515755	5.15E-06	0.000386846
Cd244	6.507101919	144269483.2	1.676665843	5.28E-06	0.000395073
Gpr132	4.581168716	4.883447899	2.942428279	5.47E-06	0.000406992
Atp6v0d2	5.800703406	6.109557066	2.744896006	5.48E-06	0.000406992
Tm4sf19	6.601220731	144269483.3	0.063009522	5.72E-06	0.000423284
Clcn5	1.793938449	1.796048125	5.988385088	5.86E-06	0.000432217
Ect2	2.809479194	2.827121977	4.751290651	6.03E-06	0.000442839
Mfap5	2.296971599	2.298450449	7.187409461	6.23E-06	0.000455685
B4galt5	1.756501067	1.756753428	6.219741965	6.29E-06	0.000458878
Kif22	2.160589013	2.166516743	4.390442773	6.33E-06	0.000459704
Ngef	3.563266153	3.641432804	1.107325435	6.35E-06	0.000459704
Cdh1	6.592746623	144269483.3	0.833370336	6.82E-06	0.00049197
B3gnt7	3.296733502	3.358545083	1.422968183	6.86E-06	0.000493405
Cenpm	3.6843813	3.788418663	2.252278467	6.99E-06	0.000501013
Plau	2.182890238	2.184876183	5.715215924	7.09E-06	0.000505625
Krt19	2.683735469	2.690545608	3.263925122	7.12E-06	0.000505625
Cfp	2.220951837	2.222399072	5.888484763	7.13E-06	0.000505625
Nckap1l	2.716899477	2.718591326	6.898175155	7.18E-06	0.000507499
Psrc1	3.669145354	3.773258876	2.346013575	7.29E-06	0.000513131
Kif18b	3.165130426	3.19063523	3.585423753	7.46E-06	0.000523956
Krt7	2.886585403	2.908093091	2.189511565	7.53E-06	0.000526867
Mcoln2	3.948509918	4.054225339	2.435043171	7.60E-06	0.000529989
Lst1	2.837236357	2.867165753	3.461417195	7.69E-06	0.000534128
Cep55	3.240326211	3.274964997	4.380660516	7.82E-06	0.000541396
Sec1	2.671350936	2.687611061	-0.539272097	7.96E-06	0.000549124
Pdpn	2.52227814	2.52970367	4.116334925	8.22E-06	0.000564242
Il21r	3.178810975	3.230031844	2.777773841	8.23E-06	0.000564242
Emp3	1.987573028	1.988996225	5.80615513	8.32E-06	0.000568148
Nsl1	2.673473275	2.69798192	2.792483453	8.36E-06	0.000568148
Slc7a8	2.72161412	2.730185823	4.198846103	8.37E-06	0.000568148
Stxbp2	1.915696933	1.919236803	4.264858621	8.86E-06	0.000599373
Rbp1	2.2383721	2.241173007	5.702054331	9.03E-06	0.000605739
Glis3	2.204430858	2.214565329	3.041921565	9.05E-06	0.000605739
Crlf1	2.545837863	2.556903464	2.742832277	9.05E-06	0.000605739
Csf3r	2.925180113	2.940971432	4.399665836	9.07E-06	0.000605739
Disp2	4.188417549	4.345260905	-0.33121043	9.14E-06	0.00060814
Rab7b	2.778200393	2.784887324	5.540478226	9.35E-06	0.000619796
Gjb3	6.612742701	144269483.3	-1.004711411	9.37E-06	0.000619796
Anxa1	2.010415662	2.01109757	7.790190564	9.41E-06	0.000620207
Fam64a	2.800174884	2.818769375	4.028251477	1.06E-05	0.000698561
Dlgap5	2.851815564	2.873199692	4.13079988	1.08E-05	0.000706883
Kcnk13	2.663123962	2.680383163	2.883098007	1.09E-05	0.000711346
Cdca7l	3.004668257	3.048073233	2.882018412	1.09E-05	0.000711734
Chil1	4.975368734	5.031850805	3.896152827	1.17E-05	0.000759329
Spag5	2.358621295	2.365339521	4.853459901	1.17E-05	0.000759329
Myoz1	3.442867941	3.520301109	0.632228053	1.18E-05	0.000759329
Ptgs2	3.279469918	3.300211324	5.644934806	1.21E-05	0.000777687
Tnfrsf23	1.949833041	1.952504631	2.436616974	1.22E-05	0.000780581
Col6a3	2.075244716	2.07545287	9.272204042	1.25E-05	0.000797159
Tmem176a	1.822576196	1.823122821	4.916698646	1.46E-05	0.000929266
Cd53	2.691135239	2.694234513	6.343953512	1.56E-05	0.000988485
Fanci	2.63473467	2.661394965	3.220529398	1.56E-05	0.000988485
Parpbp	3.023374906	3.066817174	3.026644564	1.57E-05	0.000988485
Mki67	2.965918732	2.968399975	8.09666302	1.59E-05	0.001001787
C3ar1	2.812889196	2.814902307	6.666227709	1.61E-05	0.001012448
Ska1	3.843608365	3.998634383	2.258731594	1.63E-05	0.001018259
Ccr1	3.034280099	3.040655317	5.769422538	1.66E-05	0.001035678
Casc5	2.903608355	2.92126224	5.249805323	1.67E-05	0.001038841
Fstl1	2.03449497	2.034639335	10.56967394	1.68E-05	0.001041101
Spred3	2.240405694	2.25416295	3.054353027	1.68E-05	0.001041101
Sh2b2	2.228137097	2.238729682	3.431244965	1.70E-05	0.001047
Tacc3	2.019878124	2.023075904	5.091092191	1.71E-05	0.001049998
Fstl3	2.247955445	2.250587133	1.673945963	1.73E-05	0.001061129
Tgfb2	1.792529257	1.793122784	4.698559945	1.78E-05	0.001085057
Ugt1a7c	2.982049728	3.015784214	2.847728578	1.80E-05	0.001095991
Kcnab2	2.474337074	2.478527256	4.42461727	1.83E-05	0.001110046
Prss46	6.93158239	144269483.7	-1.43107753	1.84E-05	0.001110046
Plaur	2.292221747	2.295784156	5.259178631	1.84E-05	0.001110046
Il17ra	1.985612083	1.988059236	5.377328783	1.87E-05	0.001123111
Clec2i	3.835641031	3.99074838	1.688620818	1.88E-05	0.001125633
Tnfaip6	2.820407461	2.837943768	4.474647729	1.93E-05	0.001152634
Ncf1	2.44596022	2.449354818	5.702234554	1.94E-05	0.001157354
Hist1h4b	2.69874578	2.713235989	2.841002068	2.02E-05	0.001201937
Ereg	4.86587762	5.170774533	2.954655292	2.05E-05	0.001218236
Pf4	2.1373745	2.139519304	5.502960922	2.08E-05	0.001232595
S100a10	1.858725489	1.859053198	7.119726992	2.15E-05	0.001265558
Milr1	2.947824442	2.981605579	3.489333448	2.18E-05	0.001281764
Rhov	6.511092472	144269483.2	0.467698436	2.28E-05	0.001337928
Trip13	2.526918156	2.549135107	3.201661748	2.31E-05	0.001351402
Tubb2a	1.764530527	1.764763283	5.738319607	2.44E-05	0.001421329
Gjb5	4.455540985	4.756594445	0.179407319	2.44E-05	0.001421329
Ctss	3.142725124	3.144064034	7.851605166	2.45E-05	0.001421726
Ltb4r1	2.707004544	2.733769323	2.349348636	2.50E-05	0.001443748
Ada	2.068971624	2.074566705	3.683994322	2.53E-05	0.001458467
Pafah1b3	1.869540185	1.871283544	3.216849105	2.58E-05	0.001482858
Clspn	2.558091343	2.577479324	4.231407021	2.65E-05	0.001516249
Hist1h3d	2.32609484	2.335023869	3.600633569	2.73E-05	0.001559618
Adcy7	1.864813241	1.865705368	7.081835147	3.03E-05	0.001725164
Col7a1	2.884164865	2.917610912	2.514066487	3.05E-05	0.001734051
Lilra6	2.649378429	2.678593538	2.946378829	3.07E-05	0.001737792
Rgs1	3.785931455	3.814815257	5.914986952	3.07E-05	0.001737792
Prr11	2.897418088	2.947358036	2.457444553	3.20E-05	0.001798857
Hist1h3g	2.741848274	2.768648262	2.584850559	3.23E-05	0.001810416
Sec16b	2.326145961	2.33833034	4.500381286	3.27E-05	0.001829716
Acp5	3.054395419	3.074616116	3.292671163	3.31E-05	0.001846847
Cenpe	2.954273569	2.967464249	5.53340485	3.35E-05	0.001864014
Slc39a6	1.59269713	1.593767615	5.018218871	3.36E-05	0.001865722
Raet1d	6.243453429	144269483	0.351691849	3.57E-05	0.001977226
Sirpb1a	4.515851881	4.818118461	1.693445694	3.67E-05	0.002027013
Dclk1	2.428627719	2.438435748	5.205547184	3.80E-05	0.002082995
Tlr1	2.55509924	2.575769814	3.487596434	3.81E-05	0.002082995
Bcl2a1b	6.137914608	144269482.9	1.156884818	3.83E-05	0.002087665
Tgfbi	2.064741775	2.065552675	6.773101062	3.84E-05	0.002087665
Cd37	2.28043893	2.293662671	3.595608343	3.84E-05	0.002087665
Apoc2	5.307634004	5.61373149	1.650589348	3.92E-05	0.002125107
Mmp19	2.405388699	2.411148318	4.989816666	3.94E-05	0.00212918
Uck2	1.623597526	1.623639843	6.098303755	3.95E-05	0.00212918
Bst1	2.655174419	2.668516498	3.802506284	4.02E-05	0.002159799
Gdf3	6.346518183	144269483.1	-0.34341999	4.04E-05	0.002166425
Bdkrb2	2.490347879	2.510826087	1.436050588	4.08E-05	0.002178912
Hcar2	6.391361657	144269483.1	2.001452349	4.12E-05	0.002192625
Ccr2	3.128883093	3.135285032	6.23560021	4.13E-05	0.002192625
Baalc	2.520084929	2.538100006	-1.316102867	4.13E-05	0.002192625
Uchl1	1.786030852	1.789480161	2.214217365	4.25E-05	0.002247648
Myo5a	1.881294411	1.882309964	7.126396966	4.26E-05	0.002248873
E2f2	2.41292361	2.433180935	3.315477128	4.31E-05	0.002267722
Il1r2	4.777933594	5.081912112	2.881010476	4.32E-05	0.002267722
Spire2	3.760796073	3.914790758	-0.595410997	4.34E-05	0.002274596
Fam83d	2.41030213	2.426953645	3.538663239	4.37E-05	0.002283815
Rbm47	2.703609705	2.72316479	3.828823734	4.40E-05	0.002290643
Azin2	1.94945212	1.953050139	2.44212109	4.42E-05	0.002296259
Rgs14	2.833288297	2.875817435	2.570435742	4.50E-05	0.002331498
Nxpe5	2.519434147	2.525214602	3.9806218	4.51E-05	0.002331498
Hist1h3c	2.801909755	2.821419353	3.495661851	4.68E-05	0.002414979
P4ha3	3.429418413	3.531935169	2.477918532	4.75E-05	0.002442423
Slit2	1.896431573	1.898746224	5.70686962	4.84E-05	0.00248516
Slfn9	2.385485126	2.398419644	4.386994529	4.89E-05	0.002502384
Olr1	4.091169724	4.247795101	2.790034701	4.91E-05	0.002506402
Tuba1b	1.767093458	1.767344887	4.971825574	4.93E-05	0.002512167
Irf5	1.913742604	1.916377453	5.130492698	4.98E-05	0.002530365
Apbb1ip	2.758475545	2.783252012	3.752858003	5.03E-05	0.002549839
Igsf6	2.000881933	2.006298603	4.977815475	5.04E-05	0.002549839
Hist1h2bj	2.366590506	2.375207573	3.459616095	5.18E-05	0.002609449
Cdc25c	3.156337509	3.232303719	2.684166706	5.18E-05	0.002609449
Hist1h2an	6.149698805	144269482.9	0.521437071	5.27E-05	0.002647996
Kif14	2.952496766	2.990315272	3.708153621	5.62E-05	0.00281465
Col5a1	2.195130374	2.195280676	10.33933894	5.69E-05	0.002842941
Tlr13	2.970041129	2.974414592	5.809921017	6.02E-05	0.002998671
Fam71a	6.077825669	144269482.8	2.962865058	6.17E-05	0.003067561
Cdt1	1.845893526	1.849359661	3.660591055	6.67E-05	0.003308401
Ckap2l	2.711483278	2.731171848	4.538082085	6.70E-05	0.003313348
Adamts8	2.202010589	2.206334366	4.089085337	6.96E-05	0.003437005
Zan	3.84805285	4.002626182	0.62817549	6.98E-05	0.003437436
Fcgr3	2.25414111	2.255939299	6.060019057	7.47E-05	0.00367275
Kdelr3	1.717795808	1.718866442	5.422577987	7.50E-05	0.003676497
Evi2a	2.191032966	2.201608969	4.123981544	7.59E-05	0.003709847
Fyb	2.500942894	2.510106274	4.842596726	7.65E-05	0.003732361
Myc	2.14989406	2.154026032	4.701215583	7.69E-05	0.003732708
Spdl1	2.568257723	2.590699423	3.568726298	7.69E-05	0.003732708
Cdr2	1.657954379	1.659344103	5.332334569	7.82E-05	0.003790703
Ifi30	1.776093567	1.777044842	5.541441591	7.92E-05	0.003819622
Hist1h3i	2.139767363	2.14723542	3.511616904	8.09E-05	0.003893244
Ube2c	2.419624249	2.431447154	4.017600479	8.31E-05	0.003981528
Hist1h2bl	2.363695172	2.377650444	2.878068344	8.32E-05	0.003981528
Cd109	2.071329725	2.074293192	5.787088023	8.51E-05	0.004065822
Aspm	2.660639527	2.669783707	6.093918969	8.63E-05	0.004114019
Has1	2.787135947	2.814271931	3.98038135	8.65E-05	0.004114019
Plac8	2.996866513	3.040070562	3.842891969	8.68E-05	0.004115797
Arl11	2.560281181	2.575579928	2.8597684	8.70E-05	0.004115797
Tuba1a	1.65587501	1.656065008	7.07285023	8.78E-05	0.004145583
Fcgr2b	2.263283047	2.266696697	5.103889853	8.90E-05	0.004187822
Lig1	1.75870601	1.760962587	5.043373787	8.91E-05	0.004187822
Moxd1	2.713212334	2.742729252	1.959076381	9.05E-05	0.004243159
B430306N03Rik	3.319733474	3.37113018	2.731942789	9.95E-05	0.004635716
Prim1	1.989823503	1.999196613	4.014566847	0.000102485	0.00476348
Hells	2.287619494	2.297279026	4.872405777	0.000104594	0.004850566
Fcgr1	2.786228717	2.793488961	4.558755761	0.000105714	0.004891537
Shisa4	1.801407312	1.804789083	2.433609685	0.000113787	0.005229905
Ikzf1	2.137090317	2.146096657	4.482534293	0.000114127	0.005233866
Hmmr	2.754065466	2.768802415	4.969563455	0.000119996	0.005490812
Fam105a	2.331286001	2.339613905	4.540850378	0.000122035	0.00557175
Mmp9	2.903009627	2.912812856	4.465457732	0.000122376	0.005574998
Tyms	1.79322314	1.79725098	4.486262543	0.00012399	0.005636084
Coro2a	2.464606234	2.48664026	2.620233225	0.000124548	0.005648992
B4galnt1	1.859279047	1.862476498	3.928447302	0.000128616	0.005820699
AW551984	2.324374649	2.336472741	3.769807722	0.000129969	0.005869072
Cxcr2	4.000057012	4.156118038	3.096385976	0.000130798	0.005893619
Fam198b	1.722016073	1.722162415	7.721110407	0.00013376	0.006013956
AF251705	2.512499786	2.523945515	4.294027759	0.000135734	0.006089442
Sell	3.045335018	3.105730347	2.985816826	0.000136069	0.006091244
Unc13c	2.709176296	2.731793919	1.444968083	0.000139622	0.006236761
Cxcl13	6.415859492	144269483.1	0.246107307	0.000140006	0.006240381
Iqcg	-3.32133965	-3.328727585	1.695389737	0.000143704	0.006391439
Arhgap30	2.412700134	2.416518998	6.015689871	0.000148014	0.006554844
Tpbg	2.40639755	2.43206115	3.157075059	0.000148425	0.006558965
Zwilch	2.305271291	2.326790635	3.36801639	0.000157855	0.006960793
Myo1f	2.497366584	2.49963921	6.047913472	0.000162694	0.007158874
Laptm5	2.204564369	2.20564567	6.704266007	0.000163676	0.00718675
Knstrn	2.097088373	2.106093603	4.423929114	0.000167902	0.007356654
Kif21b	1.843535387	1.847836924	4.234675144	0.000173101	0.007552415
Sema3e	3.084071098	3.14473262	0.260993669	0.000175075	0.007622414
Serpina3f	2.390141724	2.396132681	2.764219129	0.000179052	0.007779171
Spn	2.295061722	2.313633681	3.085139796	0.000181416	0.007865284
Tro	2.157812098	2.174855681	4.643443643	0.000182185	0.007868601
Ctsz	1.586483075	1.586728574	7.186436092	0.000182255	0.007868601
Sash3	2.090107609	2.098475135	3.894791447	0.000187361	0.008072151
Fos	2.454819234	2.455115756	9.490912633	0.000188178	0.008090467
Arhgap22	2.724442321	2.766506166	2.516208247	0.000194379	0.008339722
Btk	2.546852617	2.567579781	3.402698948	0.000201358	0.008621223
Cybb	2.321349522	2.323257616	7.124726788	0.000202481	0.008651367
Prkcb	2.048164167	2.058812592	4.229594239	0.000206602	0.008809165
Ccl4	2.993689198	3.043905698	4.051693767	0.000207444	0.008826841
Wisp1	2.018483125	2.020158051	4.714989949	0.000208442	0.00885108
Ndc80	2.670804176	2.707546302	3.75742918	0.000209631	0.008883255
Adamts12	1.757886334	1.761065386	6.19988976	0.000211074	0.008926095
Lypd6b	2.535495051	2.559381715	-1.338137634	0.000214101	0.009035569
Lilr4b	2.764983092	2.771828009	6.198533163	0.000217182	0.009146898
Sdf2l1	1.81779431	1.819252334	4.269005312	0.000221396	0.009305396
Tnfsf18	2.721599318	2.763545445	-1.019174213	0.000223024	0.009354754
Alox8	2.98314792	3.033269597	-1.019650468	0.000228083	0.009546689
Lyz2	2.463082983	2.463243997	9.790652994	0.000228525	0.009546689
Slamf7	6.005355905	144269482.7	0.766410498	0.000230251	0.009594119
4930539E08Rik	5.737393313	144269482.5	-0.999096612	0.000230677	0.009594119
Creb3l1	1.84527306	1.849326721	3.59375003	0.000231579	0.009596586
Slc7a11	3.352260836	3.454156811	4.188684756	0.000234222	0.009686642
Ildr2	2.140925908	2.149390163	3.731475215	0.000240391	0.009921883
Cdca8	2.090922022	2.100484581	3.769698136	0.000241517	0.009948474
Psd4	2.214738764	2.219967405	4.591544787	0.000249085	0.010239789
Snai1	2.150678344	2.164899218	2.399063073	0.000250606	0.010281806
Fancd2	2.174117284	2.191201952	3.607057836	0.000252851	0.010353355
Tyrobp	2.49141085	2.49287057	6.542925691	0.00025702	0.010482441
Tmem158	2.173139506	2.183568027	2.67799837	0.000258312	0.010514369
Zfp365	3.038778121	3.13829535	1.383585625	0.000260318	0.010575146
Tnfrsf11b	3.296391475	3.397923107	3.178094509	0.000266462	0.010803483
Cdca3	2.139869204	2.146603428	4.015227811	0.000272241	0.011016156
Hist1h3a	1.953214483	1.958137529	3.782167643	0.00027839	0.011240906
Sphk1	2.055700634	2.061231749	3.859177556	0.000278885	0.011240906
Procr	1.798731763	1.802877859	3.746168687	0.000282735	0.01137387
Mcm3	1.5495494	1.550427394	5.965498864	0.000293216	0.01177256
Krt18	2.373401023	2.375938106	2.583351509	0.000296128	0.011866394
Krt14	3.450212277	3.552675165	0.791016735	0.000301964	0.012076821
Pak1	1.974290639	1.983001387	3.991389476	0.000306659	0.012240874
Rin1	1.828697206	1.830684224	2.745715518	0.000309164	0.012303303
Fcgr4	2.524992155	2.551084888	3.289794716	0.000309416	0.012303303
Actn1	1.490572313	1.490691514	6.987923035	0.000314693	0.012489085
Bzrap1	5.732439528	144269482.5	1.050588976	0.000315531	0.012498303
Litaf	1.538159846	1.538463726	7.331619628	0.000318429	0.012588933
Pilra	2.113158797	2.122708323	3.58745108	0.000322146	0.012711525
Wdhd1	1.869336224	1.877330712	4.186331088	0.000325072	0.012781415
Cdc7	2.021184982	2.034475733	4.041148962	0.000339514	0.013320434
Ncf2	2.175005766	2.182259612	4.612737124	0.000340907	0.013349714
Wfdc17	2.488576153	2.491013123	5.13791748	0.000342976	0.01340531
Crb2	2.414087959	2.442324307	1.524992669	0.000344171	0.013426568
Fam167b	2.81342483	2.872405395	0.900534309	0.000345752	0.013462802
Mmp3	4.132198687	4.430128237	0.955305024	0.000346594	0.013470175
Lrrc25	1.931600011	1.936463909	4.189186932	0.000350652	0.013602284
Ccr5	2.645290247	2.653456581	4.67115012	0.000352551	0.013623815
Cd7	3.230793761	3.331510907	0.31954899	0.000353035	0.013623815
Pirb	1.910939018	1.914021431	5.014335511	0.000357444	0.013762279
Msln	2.386885453	2.391761107	4.397889253	0.000359388	0.013811351
Tnfsf8	5.604175512	144269482.3	-0.363786657	0.000364974	0.013999949
Dscc1	3.001986842	3.101127882	2.004443919	0.000368324	0.014076098
Clcf1	2.133797689	2.150599284	1.819885813	0.000382824	0.014603212
Ms4a7	2.809243203	2.816772828	4.743209688	0.000394318	0.015013903
Lrr1	5.538329621	144269482.3	0.944546237	0.000403754	0.015344878
Fosb	2.613328064	2.616525591	8.035667915	0.000416127	0.015757094
Gpr84	5.743236245	144269482.5	1.300080654	0.000417142	0.015766582
Entpd7	1.569279474	1.572153874	4.059067918	0.000419819	0.015832216
Sla	2.051594709	2.058402746	4.685891873	0.000420413	0.015832216
Gm13889	1.749713919	1.751963222	2.919641975	0.000428448	0.016105423
Tmem45a	2.031468677	2.039910063	4.109165687	0.000439789	0.016501682
2810417H13Rik	2.317953544	2.343463985	3.728119104	0.000444304	0.016640846
Lif	2.799581092	2.858432279	2.222090996	0.000448168	0.016755139
Neil3	2.884890836	2.959289595	3.398062716	0.000449887	0.016788987
Il6	3.089525001	3.165023144	4.831770158	0.000454455	0.016924321
Itga4	1.88651708	1.892338874	5.449444281	0.000461138	0.017111291
Coro1a	2.130123807	2.131306252	6.602957578	0.00046184	0.017111291
Plvap	1.981894122	1.982797229	5.646618858	0.000469303	0.017356638
Nlrp3	2.687207639	2.709539256	5.287380795	0.000483415	0.017814712
Car9	2.020265381	2.031717945	0.84059629	0.000486982	0.017914161
Bub1b	2.014105041	2.01782446	5.329565996	0.000501674	0.018421779
Kcna3	5.498448188	144269482.2	1.219018091	0.000504904	0.018474668
Atf3	1.858183448	1.858451711	7.703396105	0.000510582	0.018616402
Clec12a	2.754008118	2.765036449	4.416715459	0.000513845	0.018702309
Mis18bp1	2.54285669	2.56910854	4.155187568	0.000518505	0.018838695
Cenpk	3.763445475	4.057267894	1.6638463	0.000531622	0.019281349
Galnt9	5.550691998	144269482.3	-0.750096162	0.000535252	0.019378941
Nlrp1b	2.120499418	2.139840109	2.618349743	0.000550427	0.019875434
Lgals7	3.858357723	4.153077515	-0.134345656	0.000550892	0.019875434
Tubb6	1.506085381	1.506202005	6.983995984	0.000564641	0.020306717
Padi4	3.792883098	3.82854756	2.008547198	0.000565219	0.020306717
Dennd1c	2.259588925	2.282605782	3.02932839	0.000565797	0.020306717
Cplx3	4.013626866	4.310199784	-1.824901012	0.000569225	0.020394269
Map6	1.717105403	1.720540997	2.936051112	0.000573567	0.020514223
Cgref1	1.839483079	1.843046598	1.143610519	0.000581969	0.020778709
Ackr1	3.085060727	3.184518202	0.753377742	0.000586236	0.020871281
Cd48	2.505892342	2.517538912	3.945167759	0.000586584	0.020871281
Zkscan2	3.115473135	3.216103005	0.055132156	0.000606071	0.021527533
Orai2	1.880370423	1.890209388	3.625300448	0.000614178	0.021777983
A630001G21Rik	2.130419874	2.151226877	2.74867724	0.000626594	0.022153061
Lxn	1.637015672	1.641877905	3.703039693	0.000626903	0.022153061
Klhl29	2.397201448	2.432343975	1.638607445	0.000673321	0.023752707
Myl4	2.233706636	2.233896939	5.868670747	0.000682126	0.023981306
Ska3	2.190374895	2.215197238	2.914699861	0.000687752	0.024137523
Col14a1	1.722243921	1.722952278	8.900756961	0.000689338	0.024137523
Ptprf	1.497709439	1.498131667	5.995720086	0.000690078	0.024137523
Ankle1	3.297403554	3.447294002	2.258566487	0.000691583	0.024149243
Fbn2	1.802182749	1.805262177	7.023976852	0.000699041	0.024368417
Folr1	3.278426304	3.42759378	-0.037214849	0.00070395	0.02445694
Etv4	2.162393485	2.178259238	2.815671202	0.000714585	0.024701644
Sv2a	1.742206638	1.742862089	2.896744162	0.000725596	0.025040351
Wfdc2	4.591060646	4.894680194	-1.985119252	0.000727185	0.025053281
Kif20b	2.325109224	2.338578573	4.484892959	0.000730853	0.025137705
Bgn	1.745011434	1.745193648	8.667226896	0.000739299	0.025385868
Creb3l3	2.67253329	2.730626308	0.775003771	0.000743032	0.025471678
Muc5b	2.819410892	2.844622177	0.395956945	0.000757936	0.025930599
Adamts16	5.452461422	144269482.2	0.341349051	0.000758932	0.025930599
Klra2	3.472825304	3.624489727	1.749344139	0.000761628	0.025979714
Cxcl3	5.841321217	144269482.6	2.128208008	0.000772507	0.026307312
Kif4	1.854063762	1.860314479	4.937323746	0.000779797	0.026511817
Kif15	2.157570668	2.168090364	4.830645631	0.000792764	0.026908331
Lgi1	-2.214310946	-2.219458125	-0.307222927	0.000803313	0.027221623
Inhbb	2.031343379	2.03407499	4.267945993	0.000811093	0.027395294
Clic1	1.437769662	1.43791225	7.359243719	0.000813203	0.0274217
Has2	2.645510322	2.687304407	4.706817353	0.000818525	0.027556106
Fignl1	1.919703409	1.927284408	4.106468406	0.000823655	0.02768365
Map3k9	2.53507204	2.582694771	1.594699853	0.000839004	0.028153716
Tmem119	1.862916808	1.865972757	4.719254439	0.000843774	0.028267798
Gm14548	3.026753366	3.125892647	1.674273334	0.000848256	0.028371909
Osm	2.763229872	2.805380655	4.132581975	0.000851639	0.028438965
Il18	3.199554909	3.348406029	1.666085066	0.000868807	0.028965375
Hist1h2bn	2.989465523	3.088046325	0.991317813	0.000876445	0.02917291
Bok	1.648407675	1.650139208	4.034757251	0.000883216	0.029350929
Siglecf	5.375562176	144269482.1	1.304453001	0.000890098	0.029437435
Gatm	1.770109634	1.772853983	6.037594022	0.00089891	0.02963389
Fcrlb	5.466103946	144269482.2	-0.304856387	0.000907277	0.029862
Kif23	1.983977119	1.991445438	5.170844483	0.000910397	0.029916982
Marcksl1	1.689586225	1.692137978	6.227754164	0.000913334	0.029965783
Troap	2.64801411	2.705896911	2.231387793	0.000922374	0.030214345
Msn	1.401748517	1.401791832	8.622262514	0.000956872	0.031294724
Slc18a1	2.271454641	2.292592849	0.379893804	0.000960729	0.03137114
Pask	1.778271557	1.785192457	3.947028709	0.000962614	0.031383049
Dab2	1.434545442	1.434982434	7.598040674	0.000972611	0.031658962
Fam196b	3.000649875	3.09973551	2.602603307	0.000981243	0.03184931
Syt12	1.853612077	1.855036445	0.695884236	0.00098231	0.03184931
Esco2	2.64448815	2.693229357	3.604944713	0.000983964	0.03184931
Nppa	2.43648437	2.436508088	7.322579306	0.000984632	0.03184931
Depdc1a	5.291690664	144269482	1.253979754	0.001004224	0.032337705
Chsy3	3.117190196	3.264886345	2.158995991	0.001004356	0.032337705
Rassf2	1.538996279	1.540326532	5.937169227	0.001004432	0.032337705
Ly86	2.207684476	2.217692571	4.359414595	0.001013096	0.032565822
Rassf7	1.745306152	1.7497918	0.705333082	0.001030521	0.033038974
Cldn3	2.831793991	2.890764252	-0.46008462	0.001032617	0.033038974
Fam186b	2.860567461	2.934261122	-1.583048559	0.001032618	0.033038974
Oas3	3.367086891	3.444833815	1.476864574	0.001036528	0.033112736
Dbn1	1.575272365	1.576127987	6.448195758	0.001040516	0.033156892
Arfgef3	2.499310958	2.546599377	1.695434261	0.001041421	0.033156892
Cercam	1.84162878	1.846813293	4.19149746	0.001069528	0.033956688
Tlr8	2.360649512	2.370241567	4.508272953	0.001081207	0.034274753
Tfec	2.351744646	2.38287468	3.156939369	0.001086747	0.034397536
Fermt3	1.644247064	1.645133028	5.506437644	0.001101879	0.034823102
BC048507	1.658413643	1.665224254	1.522889972	0.001114386	0.035164516
Adra2a	3.791029962	4.084793307	-0.071514572	0.001125957	0.035475373
Slc15a3	1.627663754	1.63006442	5.206386611	0.001153237	0.036279503
Stap1	2.735304889	2.808293728	2.632921006	0.001159007	0.036405523
Fam57b	1.798414106	1.800706133	0.664830755	0.001207441	0.037869233
Serpine1	1.941877808	1.941961903	7.313839636	0.001222774	0.038291929
Cilp	2.191773426	2.193822557	5.440139571	0.00127406	0.039777264
Gad1-ps	5.283778993	144269482	0.560678722	0.001301608	0.040575949
Gabrb3	2.338680768	2.366593604	-1.14077561	0.001303875	0.040585328
Fhdc1	1.947612211	1.957097037	1.289287154	0.001313931	0.040729134
Klra9	-3.647592292	-3.848525662	-0.231128402	0.001314416	0.040729134
Sept5	1.600081808	1.603146617	3.695919239	0.001323023	0.040934386
Sele	1.986730806	1.994109529	6.796563472	0.001340072	0.041337908
4933400A11Rik	5.302753005	144269482	-0.720130912	0.001344396	0.041409394
Bmp2	1.822716135	1.828962028	3.607079364	0.001351825	0.041576189
Fcho1	2.262198731	2.296669249	1.276482902	0.00135573	0.041634228
Srpx2	1.866673778	1.869083827	5.562237337	0.001358127	0.041645865
Tnfrsf26	2.174270081	2.20144529	2.051442601	0.001379179	0.042201014
Col27a1	1.670918104	1.673726075	5.407457717	0.001380561	0.042201014
Cebpe	5.289431695	144269482	0.037469889	0.001382366	0.042201014
Nppb	2.24128623	2.241296555	8.02656073	0.001427171	0.043504473
Runx3	3.280902016	3.430654194	1.633886691	0.001452865	0.044222383
S100a11	1.762117202	1.768092762	3.166395619	0.001464359	0.044506584
Raet1e	5.234179652	144269481.9	-0.137133541	0.00148653	0.045047756
Ptafr	1.954445998	1.957717601	5.624458319	0.001491381	0.045128481
Ctse	3.670254171	3.823459213	2.536786401	0.001500979	0.045352419
Aebp1	1.655130922	1.656097573	6.008634124	0.001515622	0.045727918
Capn6	2.388616506	2.423867814	4.83596221	0.001536082	0.046245371
Gdf6	2.249212601	2.266292641	3.687986846	0.001537255	0.046245371
Pik3ap1	2.012671289	2.01696552	5.032661673	0.001555688	0.046731784
Gas2l3	1.675534301	1.677530839	5.448876708	0.001585904	0.04757021
Slc39a8	1.766090582	1.772802904	3.738619272	0.001606467	0.048047322
Apol8	3.168994862	3.317851454	1.366913734	0.001608855	0.048049128
Arhgap11a	1.891850137	1.898443529	4.973198398	0.001672704	0.04966847
Dok5	2.08288103	2.091771035	-0.092393414	0.001682251	0.049818716
Gng2	1.579388587	1.582657475	5.0482912	0.001687676	0.049897675
